1.365490000011959630e-05
1.290399999993496696e-05
1.236130000006596663e-05
1.119349999999030874e-05
1.132920000009107795e-05
1.156500000001869933e-05
1.179159999992407440e-05
1.259120000008806500e-05
1.290149999999812303e-05
1.338280000004488089e-05
1.420510000002650425e-05
1.501720000010209371e-05
1.599469999996472398e-05
1.659629999994649698e-05
1.791989999992438129e-05
1.870510000003378122e-05
2.037850000010621603e-05
2.132769999980155284e-05
2.269539999997505277e-05
2.212259999987509373e-05
2.262880000012046426e-05
2.409489999990910183e-05
2.559289999999237014e-05
2.683830000000853150e-05
2.852840000014111854e-05
2.979630000004363031e-05
3.234539999994012868e-05
3.513369999996029659e-05
3.771230000006653757e-05
4.392120000011345723e-05
5.005080000000816399e-05
6.163199999991775865e-05
6.905589999996663772e-05
7.425899999998363703e-05
7.826230000000578468e-05
8.097769999994852978e-05
8.262239999999110643e-05
8.393980000005285373e-05
8.443880000004355311e-05
7.738289999997505729e-05
9.034520000000156219e-05
7.313390000012987512e-05
7.492049999996197368e-05
7.843230000003132449e-05
8.168789999990621752e-05
8.598669999992125429e-05
8.999020000010204826e-05
9.422700000004624555e-05
9.898950000001605109e-05
1.031035999999403485e-04
1.094273999999586464e-04
1.135999999999057794e-04
1.185708999998951238e-04
1.235048999999435238e-04
1.288022000001092112e-04
1.347120000000359078e-04
1.421906000000490130e-04
1.465101999999660564e-04
1.529832000001079011e-04
1.592276999999739861e-04
1.667780000000220852e-04
1.729754000000411902e-04
1.795655999999325972e-04
2.691737999998622464e-04
1.954284999999345083e-04
2.025868000000627920e-04
2.104864000000361492e-04
2.186473000001569683e-04
2.267156999998860454e-04
2.357298000001719620e-04
2.441822999999203737e-04
2.534928000000036524e-04
2.620114999999714213e-04
2.716986999998880371e-04
2.974804000000403920e-04
3.045925000001261686e-04
3.011099000000285841e-04
3.161280000001625147e-04
3.308161999998447005e-04
3.485863999999310315e-04
3.493571999999858205e-04
3.551578999999947112e-04
3.655438000000685978e-04
4.385933000000932151e-04
3.969790999999531916e-04
4.234374000000116068e-04
4.360596999999870457e-04
4.492448999999396563e-04
4.407188000000132741e-04
4.565774999998666538e-04
4.727788000000146171e-04
4.964012000000366529e-04
5.290609999999560309e-04
5.107504000000062357e-04
5.311833999999180213e-04
5.581829000000197716e-04
6.075608999999530802e-04
6.177834000000075130e-04
6.271606000000246863e-04
6.492101999999704692e-04
6.385496000000330302e-04
6.523296000000300150e-04
6.588902000000871045e-04
6.830870999999660723e-04
6.926027000001795187e-04
7.158991999999670926e-04
7.468046000001322612e-04
8.173084000000017512e-04
7.964286000001265806e-04
8.222080000000460236e-04
8.355495000000700938e-04
8.562391999998908475e-04
8.568127000000914017e-04
8.693152999999256792e-04
8.886406999999963384e-04
9.155325000001539532e-04
9.524511999998140112e-04
9.823949999999968038e-04
