2.530574899999749077e-05
2.241428700000369742e-05
3.014070199999707578e-05
2.698725300000148709e-05
2.876385099999367788e-05
2.172770099999610170e-05
3.233383600000650231e-05
2.299321000000276069e-05
2.439574400000310480e-05
2.498298599999770916e-05
2.601542100000386832e-05
2.623495899999994568e-05
2.920419999999524036e-05
2.992782800000526338e-05
4.045444700000188926e-05
4.906228200000129115e-05
3.933222199999874923e-05
4.366512100000363939e-05
4.029419499999420379e-05
3.873656100000033651e-05
4.052123599999646217e-05
4.429257500000005594e-05
4.338656699999887380e-05
4.884446799999864013e-05
5.195828400000124323e-05
5.503257500000558079e-05
5.930291099999607089e-05
6.291459599999882574e-05
6.794370800000138226e-05
7.226827899999932556e-05
7.546031599999736771e-05
7.733588199999985439e-05
1.004736260000029858e-04
1.165825769999955289e-04
1.303515550000042733e-04
1.284639829999960651e-04
1.087765810000007583e-04
1.121435559999994726e-04
1.105934460000028695e-04
1.211350680000009597e-04
1.280637490000060435e-04
1.340087029999992188e-04
1.401571799999956690e-04
1.541925510000012850e-04
1.564962160000007367e-04
1.653435230000042044e-04
1.777766900000017289e-04
1.889374400000036871e-04
1.883979389999979070e-04
2.020797770000015584e-04
2.122487000000034961e-04
2.235989819999986065e-04
2.381769160000004508e-04
2.404404740000032239e-04
2.531651480000007837e-04
2.653416909999961474e-04
2.803575989999984325e-04
2.897355300000015177e-04
3.038042460000056513e-04
3.191912770000016313e-04
3.317391839999999184e-04
3.367321759999981727e-04
3.884686940000037269e-04
3.939761250000017607e-04
3.907329729999986317e-04
3.973241059999992573e-04
4.165119529999970023e-04
4.363673120000015771e-04
4.465405929999945850e-04
4.720617179999991018e-04
4.810045680000030340e-04
5.129112860000049380e-04
5.186098610000016091e-04
5.515630499999986391e-04
5.908434380000002770e-04
6.201819270000044583e-04
6.053066409999985310e-04
6.142753140000039051e-04
6.877268010000036789e-04
6.653436920000004766e-04
7.334134940000041313e-04
7.253998830000015115e-04
7.309527509999966645e-04
7.555905400000000049e-04
7.829044830000029057e-04
8.853490199999996049e-04
8.724406629999990198e-04
9.074828939999974404e-04
8.955299259999947251e-04
9.419883430000055083e-04
9.463272710000012562e-04
9.889194120000013855e-04
9.911492409999879578e-04
1.067849616999993253e-03
1.056341329000005762e-03
1.100058017999998522e-03
1.177967995000002996e-03
1.195185714999993758e-03
1.232295038999993127e-03
1.266195826999990098e-03
1.240773195000002610e-03
1.270430247000007380e-03
1.307751794999987291e-03
1.346012770999991011e-03
1.384760326000005707e-03
1.417974953000012252e-03
1.452581746999996462e-03
1.591300940000010692e-03
1.587813182999994483e-03
1.639667705999997430e-03
1.679865014000000599e-03
1.723638198000003322e-03
1.686143309000001991e-03
1.717827878999997901e-03
1.761667282999994279e-03
1.884428110000001787e-03
1.863142339000006592e-03
1.888222045000006273e-03
