1.721312799998031445e-05
1.664750599999820346e-05
1.678819200000702808e-05
1.707940500000404356e-05
1.716804400001592352e-05
1.779957200000126195e-05
1.776123099998016936e-05
1.795455599997808436e-05
1.826022800000259703e-05
1.881333900001891420e-05
1.967794000000821911e-05
2.007917200000974685e-05
2.068413200001373371e-05
2.136557399998650821e-05
2.228329700000131362e-05
2.293442600000616941e-05
2.380052899999895939e-05
2.465516200001616147e-05
2.569168099998364688e-05
2.689302199999588175e-05
2.826689099998702759e-05
2.990446199999041577e-05
3.092374700000277688e-05
3.252393600001823550e-05
3.422240099999384943e-05
3.583905099998219173e-05
3.779554699997333825e-05
3.977138999999851876e-05
4.172229400001015311e-05
4.378396999999267911e-05
4.862204799999858475e-05
4.862575600000695669e-05
5.091197600000896240e-05
5.357306999999878199e-05
5.637292800000182302e-05
5.925134399998910383e-05
6.200522399998930657e-05
6.548419100002433456e-05
6.862857300001223284e-05
7.227518700000245969e-05
7.579534199999215724e-05
8.011179900000798063e-05
8.365602000000649306e-05
8.853759099997660109e-05
9.171476500000608754e-05
9.613523000001577797e-05
1.019642189999956435e-04
1.054248309999934529e-04
1.102559249999899280e-04
1.154773720000150671e-04
1.207486730000084679e-04
1.280458909999993109e-04
1.333505940000065870e-04
1.380897660000073328e-04
1.442099279999808838e-04
1.500054439999871513e-04
1.562199250000162562e-04
1.633976880000034251e-04
1.706764589999920710e-04
1.784548930000085030e-04
1.848078520000058327e-04
1.919202729999938055e-04
2.107316580000144729e-04
2.202415179999945769e-04
2.169024640000145627e-04
2.237043300000038837e-04
2.327819959999999431e-04
2.411013960000048088e-04
2.506148829999972540e-04
2.592306949999851847e-04
2.687974130000156782e-04
2.799246170000060170e-04
2.899900530000252196e-04
2.995272459999966932e-04
3.253996570000196884e-04
3.386264419999918032e-04
3.322822349999796413e-04
3.416748839999854447e-04
3.563031099999989441e-04
3.654446399999926516e-04
3.788731369999993469e-04
3.911813849999816505e-04
4.021743930000241138e-04
4.158245910000175558e-04
4.306797090000031854e-04
4.653036090000171095e-04
4.774834250000026476e-04
4.967680760000235196e-04
4.878028219999919072e-04
4.998036400000102891e-04
5.157481770000061326e-04
5.324809349999952857e-04
5.471716080000135589e-04
5.669691530000022742e-04
5.805040560000236530e-04
6.019601510000142670e-04
6.426949529999887887e-04
6.609170019999907912e-04
6.833465820000128935e-04
7.081711520000055250e-04
6.976732530000049519e-04
7.157878130000199087e-04
7.337056989999837320e-04
7.579208730000175798e-04
7.813520389999837126e-04
7.974096410000015671e-04
8.172289739999883318e-04
8.751350879999790239e-04
8.999966350000078918e-04
9.229894700000045547e-04
9.438963849999880027e-04
9.707097820000001745e-04
9.561497850000080269e-04
9.789297439999984553e-04
1.004748108999990643e-03
1.032326720000014547e-03
1.045263140999992332e-03
1.069411591999994528e-03
