1.793801099995562237e-05
1.800160200002665041e-05
1.968094199997949651e-05
1.862696000000596679e-05
1.925252800003818322e-05
1.923367200004122535e-05
1.994489399999110920e-05
2.054072599997880299e-05
2.080155099997682533e-05
2.240731200004120061e-05
2.334861100001717321e-05
2.445650700002488366e-05
2.593206699998518202e-05
2.748728299997082859e-05
3.276169399998707631e-05
2.960543800003279045e-05
3.307627599997431264e-05
3.608211299996355749e-05
3.476901599998427476e-05
4.507998799999768510e-05
4.488616999998384731e-05
4.510297399997398646e-05
4.614468099998703045e-05
4.594409799994991729e-05
4.824335099999643457e-05
5.284766599999102065e-05
5.857928399996125969e-05
5.841542799998933387e-05
6.140544199996611345e-05
6.684383099997148216e-05
7.757487499998205630e-05
7.903974699996752483e-05
7.923070999999026341e-05
1.168533239999760599e-04
9.747913399996832725e-05
1.067831579999847292e-04
9.366180099999610472e-05
1.188629279999986514e-04
1.073727090000034024e-04
1.061433330000340856e-04
1.064823480000427514e-04
1.118747339999686134e-04
1.129795909999984418e-04
1.081750110000143626e-04
1.339795320000121035e-04
1.142756739999981600e-04
1.103744929999948019e-04
1.190586089999783330e-04
1.280396579999774063e-04
1.262419450000038402e-04
1.339688439999804344e-04
1.386909280000167988e-04
1.995615719999932513e-04
1.740108569999847536e-04
1.686162259999832809e-04
1.624571049999872137e-04
1.745418870000321342e-04
1.886057819999677925e-04
2.072791859999938548e-04
1.992299300000013385e-04
2.082397479999826824e-04
2.180637650000107964e-04
2.456698210000354344e-04
2.615488509999863644e-04
2.543331200000125097e-04
2.526418219999868584e-04
2.724815509999984849e-04
2.730964909999897597e-04
2.803124199999729063e-04
2.955071490000023065e-04
3.117741149999915312e-04
3.187810490000515438e-04
3.281924970000318323e-04
3.562067960000376643e-04
3.751225809999709842e-04
3.911645000000021194e-04
3.802495729999577417e-04
3.878351930000008036e-04
4.077363350000382490e-04
4.193204770000420484e-04
4.295384950000311780e-04
4.461768709999773888e-04
4.621537329999796475e-04
4.840161289999969185e-04
4.874800140000274708e-04
5.557157860000075129e-04
5.539905430000545070e-04
5.711645570000314746e-04
5.513372930000173117e-04
5.799255530000096233e-04
5.977371189999871508e-04
6.356325229999697365e-04
6.264023589999964756e-04
6.466792009999835231e-04
6.677978890000417977e-04
6.784334899999748276e-04
7.440638159999934812e-04
7.710166109999932408e-04
7.756023799999525303e-04
8.072557849999952321e-04
7.899352709999903164e-04
8.128889019999973719e-04
8.246698980000246974e-04
8.523436209999886090e-04
8.636821119999922363e-04
8.797968349999791713e-04
9.420357390000048828e-04
9.930245159999913362e-04
1.019069073999958122e-03
1.037370878999979490e-03
1.053343875999985428e-03
1.135483875000034082e-03
1.084198350999997706e-03
1.119253267999965927e-03
1.125818578000007666e-03
1.155251556999985565e-03
1.177910452999981388e-03
1.212586262000002078e-03
